0000010100000000100000100000000000100010000000100	7	0
1000000000000100101000010000010000000010000000010	7	1
0010000000010000000010000010000100001000001010100	7	2
0000100000100100000011000000000101000100000100000	7	2
0000100100100001000000110000000100000000100000001	7	2
0100000000000101011011000000000001000100000001000	7	3
0001100001010100100001000000010000000000100000001	7	3
0000010000000110000011011001010000000010000000100	7	3
0000001000010010000000100000000001001010000110010	7	3
0000100000000110001010000010010000000100000001010	7	3
1010010000100010000000000100111000000000100000001	7	3
0010000000100000000110000110010000000001111000000	7	3
0000001001000001100000000010100010011100000001000	7	3
0001000010000100000010010010000010010000000100010	7	3
0000011011000000001001000001001000010000000001000	7	3
0000100000001101000000001000110000000101000000010	7	3
0000001010000000100000001000000010011110010000010	7	4
0000001100000011010100001100010000000000100010000	7	4
1101101000100010000000000010001000001000001000001	7	4
0100000100100000001000000001101001100100001000000	7	4
1000000000000100001001001110001000101000000000010	7	4
0000010010000010101000000001000100011001101000000	7	4
0101100100010000001010000010000100000100000100000	7	4
0110000001100001111000000100100000000000100000001	7	4
0011101000001001100000000001000010010000000001001	7	4
0000010001001001001001000000000100000000010000111	7	4
0100101001000000000011001100000001010000000001000	7	4
0000001000011010000110001000010000000101001000000	7	4
0011000000010010000000000010000000100100111100000	7	4
0000100011001000010000000001010000000000101100010	7	4
0010111000100010000000000100001010101100000000001	7	4
0010000001110110000000000010001110000001010100000	7	4
0001000001000010000011001111100101101000001000000	7	4
0010000100010000000011100011010001101000000001000	7	4
0000100001001001100000001000000000111000100100000	7	4
0010100000110001000000000010001000010101010000001	7	4
0100000101100010001000000001000010000011000000010	7	4
0000100100000010100000100001010000011100110001000	7	4
0011000101100100000010000100001000000000100100001	7	4
0100001000100001000111110011000010000100000000001	7	4
0001000100000010100001100101110000000001000000010	7	4
1100000001001010000000000001110100100001000010000	7	4
0100000000100010000000010111001000010101000000010	7	4
0011000000010000100101000000011101000100000000001	7	4
0100000000000100001001010001000001000110011000001	7	4
1000010100000000000010001000001000011001100001100	7	4
0001000000001001001010100000001100010000000011001	7	4
0001000000010010000000000010110010010100000000101	7	4
0000100001000000001110100100101000000000010001000	7	4
1000000001001101000000000010000100010011000000001	7	4
0011000001000000000101000000000100100001001100100	7	4
0000100001000001001000000010100000010110000000011	7	4
0101001000010000010001000000000000101100000100011	7	4
0010100110001000010000010000010000011101000000001	7	4
1100100100000000100000000011000010011000010001000	7	4
0000100000001001010110111001000100100010001000000	7	4
1000001010000000001000000001011100000000100110100	7	4
0000101010101001000101000000000000100100000001010	7	4
0000010000100111010010010000010100011010000000100	7	4
0000100001000000000100100001000101001010101000001	7	4
0100000100000000000100010010001101001000010001100	7	4
0110010100000000010000000001010001000101100010100	7	4
0000011000000100001000011000010101001000101000000	7	4
1000000000001001010000100100000010100100000001101	7	4
0001100000000100100101000000010010001000100010000	7	4
0001000000000101001001010000010001000000110010000	7	4
1000001000001000010010010010001010010000000100000	7	4
0100100000011010000000010000001100000000101000001	7	4
0111010010000000001000000011100000000000010001001	7	5
0001110000100000001001000001010000010000000111010	7	5
1100000000111001000000000100000100100100100000010	7	5
0000100100110100000101101101000010100100001000100	7	5
0001000001001000000010000100100100101100000110010	7	5
0100000010010110000000000010001000000111000010001	7	5
0001000110100010110010000001000010000001100010000	7	5
0100100010000000000101010011000001100010000110111	7	5
0000010101001100101000010000101001011000000001000	7	5
1100011000110000000010010000010100110000000000010	7	5
0000010100100010000001101101000010100000010011000	7	5
1010110000001001010001111010000100000000011000010	7	5
0010110010000000001101000010000100000111000000001	7	5
0010000000011000111001010000000000100010000101000	7	5
0100000010001100010001000011000000101110110000100	7	5
0001011001010000010000011110010000000001001000010	7	5
0100000001000010000000001000011110000000011000011	7	5
0000100000100011010010100000001001000000011001010	7	5
0011000110010000000011010000010010001010000000010	7	5
0100110100000010100100001000010001001001111010000	7	5
0010100001000000000101110100010000000010011101000	7	5
1110100001000001100001110001000001000011000000001	7	5
0000100001100101000000010001000000110010001011010	7	5
0001000100010001000001001000001100110001010000010	7	5
0100000100100000001000000001100001110010101010011	7	5
0100000000000110000000010000000010000011001111110	7	5
1000000100100110110000100010000001000001000001000	7	5
1101000001000000001000000001110101110000001100011	7	5
0000001000010011000110100001001000000001100011000	7	5
0000001101110101000001010000000010000100000100010	7	5
0100000110000010100001011010000000100001000000011	7	5
0000010000100011000011010100000010001001010100000	7	5
0000010000000110000000011100000110001000110101011	7	5
1100101010010000000101000010001100000010000000100	7	5
0011010000010000100100101001010000010000001000010	7	5
1110010100110010001000000001111000001000000010000	7	5
0000001011001011101000100100100010000010000010000	7	5
0000010001100010000000100000110010100010101000001	7	5
0100000000100011101111000000000000100001000000010	7	5
0100100110000000100001101110000001000000010001010	7	5
1000000000000111010000000010001110011001000000100	7	5
0100100000011101000000001000000011011000010010000	7	5
0000001101000000010000001110010000010011101000010	7	5
0100000000101011111000000001000110010000000001000	7	5
1000100110110100100000101000100000010011010000010	7	5
0000110001001000010000010110010000110010000000001	7	5
0001110001100000000010100100101000001000000001000	7	5
0010000000100000000011101100010100001000100001110	7	5
1011101000010100010000011000001000101000000000010	7	5
0100000101010000001011010101001000000000100001101	7	5
1110001001000000010001100010010001011000110000100	7	5
0000001100000000111000100001011000100001000000110	7	5
0100010001000000000011111110000001000001000011100	7	5
1010110000010110000000101000000001000100000001000	7	5
0101100001000000010001001001100000000001010000010	7	5
0001010001010001000010101001000001100001001000000	7	5
1111011001000011110101100000110001000001001000000	7	5
0000011011111110000000111000010000000100000000001	7	5
0100000110000000000010011100000001100011000010100	7	5
0000100010010101000100100111000100010000000010010	7	5
0001000000010000110010011010100000001000000110000	7	5
1010100010000010000000001000000010010010010000011	7	5
0100000101101000010001011100100100000000100000101	7	5
1111010001100000100100101000000000100000100000100	7	5
0110001000000100010000000010100001111000100000100	7	5
0000100000001000000011000000000111101000001110000	7	5
0000010010000000000010000100100000011101110001000	7	5
0000010000000111001010010000110110101001001001101	7	5
0010100100001011000000001100010000000000010011100	7	5
1010011100000010101110000011010001000000010001000	7	5
0010000011001000000010001001010000001101101000010	7	5
0000010000000100011000100000011010100100001001000	7	5
0101110000001000100000000101000110010000100000100	7	5
1111000000100011101001110101000001010000001010000	7	5
0000010000100101110001010000100000000001000111001	7	5
1000010001000000000100001001000000111000000010101	7	5
1100000001110110000000001000001001000100000001100	7	5
1111011000001000000110110000010000000010000000100	7	5
0000010000110100001000100000101001010000100011000	7	5
1100000001000100100000011011000100000101111000000	7	5
0001000100000000000101000101010001000100001101011	7	5
0001000101010001000100010000011000100000011000000	7	5
0010000000100001100110010010100110000001000100000	7	5
0001000000000100000100101000001001000101101001100	7	5
1011000101000100000100001000000010010000010100001	7	5
1100010000001001000000010000010001100011000001000	7	5
0000100111001001110000000001100100001000000010000	7	5
0000100010100100100011001101100000000000010000010	7	5
0001000011000000001000000010000000101011011101001	7	5
0010010001100000001011000000010000000000101000011	7	5
1000011100000000000010001100101100001000000010000	7	5
0111010010000000001000001000100001100000011000001	7	5
1000101101000100000100011100000000110000000100000	7	5
0100000001000011010001100000110110010011100000001	7	5
0001010100000100001000010001001010010000100100000	7	5
0010000100000010000101000111000001111001110001000	7	5
0000100001001010001000110010101010100000100001000	7	5
0000010001100101011001000100010000000000010000100	7	5
1100110001000010011000000001100100000010100001000	7	5
0100100001000001000000100110111111001011100000001	7	5
1100101111111000000011111100100000011000000010000	7	6
1010110010000000100000000100010100000101011000001	7	6
0000010011110100001001000000001010010010001101000	7	6
0001000110000100000101010011101010011100010000100	7	6
0011001000010000011110010001010000000011011000010	7	6
1011101100000000000100011000001000111110010000100	7	6
0000100001101100000110111111000001001101111000000	7	6
0000101010000010100011011011100010100000100000001	7	6
1001011110110000010000010000100111010000000000001	7	6
1110101000100100010000100001111000110000010000010	7	6
1000000000010011010010010100001011001000001010111	7	6
1010011000100000000010010100011000101000011010001	7	6
1100000000010101000001000100000001001101001011100	7	6
0010100001110101000000000110000001000010101001010	7	6
0001110011000000001001111111000001001000001111110	7	6
1000010110000001010000000100000000101110010111010	7	6
0011000000000101001101010000000101011000000100100	7	6
1010011000001010000000000100011000010110101010110	7	6
1011111000101000100001001110000010101000000000010	7	6
1111100000001010001001111001000010010101000100000	7	6
0101000000000110010100001010000001010111110000100	7	6
0000010100000001001100001100010111010100011010000	7	6
1000000100100100101000101011010000000010000101111	7	6
1111000010000010000110010000000100000001000110010	7	6
0000110110100001000000110111010000110000000000010	7	6
1001111001000000010001001100000011001000000100010	7	6
0110101111011100010000110000100000000001000100111	7	6
0010000010101100010110000011010010010000001101001	7	6
0000100001000100000101000000100110010001010101100	7	6
0000111100000010010000101001000001010011100010000	7	6
0000100010010110000110000010000001110110000001000	7	6
0100110000100000101110100010101011100100000010010	7	6
0000010000010010111000010001010001000010001101100	7	6
0011000011101000001100000010001000010000010111011	7	6
0101001101100001000011011010001000000001010000100	7	6
0000001000111001011110111010000010001000101000000	7	6
0001000111001010000000100000010111000001001010001	7	6
0011100010000000111010000011100000010011010011000	7	6
1111110000001010000111101010010000010000100000100	7	6
1000100011000010000001001001000001010000010101101	7	6
0000100000100011110000010001011101001010100000010	7	6
1010110100000000000010000100101111110100000110000	7	6
0010000100000000010000010100010111000011110001010	7	6
0011000000011010000000100000001000000100010101101	7	6
1001010100100000100001001110110000100000011101111	7	6
0001011000010000010001010100010000010001110001001	7	6
0001100000010000000011011110001111000111011111110	7	6
0100000010011001110000000001010001001010001010100	7	6
1110110000001000001000010001110011000110011000000	7	6
1000001000001000010001110000110100010100000011100	7	6
1110100010000001000011000000010010000010100011000	7	6
0000001000010110000110010011011100000010000100000	7	6
0000010011001100100110000001110100110000010000100	7	6
1010000000010001000001010001011100111000001011011	7	6
0101000000010100000100001100001000010100100101001	7	6
0000100010101000000101010000010000010011111000000	7	6
1110111010001001001100010000000100010000000000011	7	6
0001101000100000000100010001010000010001000101110	7	6
0000011001001000001000100001000000100010001101101	7	6
0100010001011100000101010000000100000001110010110	7	6
0010000100100001000000000001110011101010010101101	7	6
0101001000010110010000001000101000000001000101011	7	6
0110110011000000100000010010001011110000001001000	7	6
0000010000101000000011011110110011000110000000100	7	6
1101100000001000011000000110010101000100010000001	7	6
0010000111111000000100100100000101000010010000100	7	6
0111001001000010000000010001000100000001101100100	7	6
0010000100000000001110001000000110111101010000100	7	6
0000110001000011110000000001011100101000100100000	7	6
0000100010100010010001010001010100100101010000010	7	6
0011001000100011110101011010010000100001001000000	7	6
0010000010010010110100000100010111000010001011011	7	6
0100000110111101001000101100101000001011010000010	7	6
0011101100000100100010000001000001000101011101000	7	6
0010000100000010001010000010110111010001000100011	7	6
0101101001000001110000000010111110101111000110000	7	6
0100000000010011110000111000000010100011000000011	7	6
0010000100110000000111001101110001000011000000100	7	6
0010101000100010010100000100001010001000011101000	7	6
0001110000100001010010100000100011000100000000011	7	6
1000000000101010001001001101010101110001010010000	7	6
0001100000100011111001001000000000110110100000010	7	6
0000001100100010110100000100110100011100001000000	7	6
0001010100000011001011100100111010100010010000100	7	6
1101111000100000000100001011100101100001010010000	7	6
1010111100000010100011000011000100010100000100000	7	6
1011001100100100011000000100001001000000010110010	7	6
0110000011100000000010111100110111001011001000000	7	6
0010000100100000001000001000101101100001010110011	7	6
0000111000111100000010101000001111110000101000000	7	6
0110011000100100001000101010100000001110010000001	7	6
1110010001000000001000111011000110000000100001001	7	6
0001001001000111000110100000010100010000000000100	7	6
0000101101010100100000000010011100000000010001010	7	6
0101010001100010000111000000000010000100001101011	7	6
1000000110100000100001001010100111011000001001011	7	6
0011100000101000111100100000100000110000001010000	7	6
1000000001000011000000000100111011100010001000001	7	6
1000010011000011010011101101000100010010010000010	7	6
0001110011011100001100000010100000000111100010111	7	6
1011011101100101000001001000000101100110111001101	7	7
0000010011011110100010100000110001010100001101110	7	7
0000011100000100011110100000101111110001111010111	7	7
0000100111011100010001110110001010110010101000000	7	7
0000100010101010010101000100100010110101110010000	7	7
0010000011111110000100111101000101001000010100000	7	7
0010010000011111000001000000010000100011110001101	7	7
1100110000000100011001100001001000001001110001000	7	7
0011110000000101010001101000001011000110000000011	7	7
1101101000110000000101101100001110000110100100000	7	7
0010000100010011011001011110000001000001010001100	7	7
1100000000001110101011111000100000001001010100001	7	7
1010011000000111100111000001100100100001001100010	7	7
0010100001000111010100000010101000001000001101110	7	7
0110010001000001000001101010000010011100100111011	7	7
1000101010101100010000000010011101010001000001100	7	7
1100011000100011111001100000100000011011100010000	7	7
1000000010010110001101001011010010000100001000100	7	7
0000111010000010000001111100000000100010010011001	7	7
1000000100101111010101101011100001010111110010000	7	7
0010011000110011100110100000000101011000110000010	7	7
1000010000100011010110100000000101110001000010001	7	7
1000010001100000111010001000001100111001101100000	7	7
0000010100110100001010100001111001011000100001101	7	7
0000010000100000110000001101100001111100111000000	7	7
0001001011001000100101010100000001000111011001000	7	7
0111010001010000110100000001001001001111101011100	7	7
0111000111100001000000000110001000011000100010001	7	7
0000001000110000011101000000010010101100001101111	7	7
1000110110010001101010100001000010000000010001010	7	7
1111111010000010001000000111000000100001011001000	7	7
0000001101010101000001001110011010100010000010001	7	7
1011010000001001110000100000000010000010010101100	7	7
0100000001000000011011001011101001000001010001111	7	7
0111101011000110000000100010000100011000000001001	7	7
0100100000001000001000000011011011010001010111110	7	7
1011011000100000011110001100001101100000010110000	7	7
0110011111100000001011110000011000000001000010011	7	7
0101001000100010101110001001000110000000101000001	7	7
0001110001000100001001101111000110011011101011110	7	7
0111010001100100000010001000100000000101110011101	7	7
0100010100100111100100001101001000010100010000010	7	7
1010110100100011000001001010000100000011000100001	7	7
0110100110101000000011000001000100001001001100110	7	7
0011101010000000110011000010100000000001010101010	7	7
1101011100101110000111111111001000000000101010100	7	7
0101010101000001000001010001010100000100001000111	7	7
0110111010000010000010000001000001000011010001001	7	7
0101100000100000000100110101001000010100010101001	7	7
1000100100100000000010100000000011000110011000111	7	7
1001100000001011011100000001111011001101100010000	7	7
1001110100101010011000100000000010100010101111100	7	7
0101001000101000001111010101100000000000010010000	7	7
0100100100100010010101000101000010010101010001010	7	7
0100000011011101101010111010001000010000000001011	7	7
0100001000101010000010000010111000011101100110000	7	7
1000001000001100101001100100010000011011001000011	7	7
0010110000001010001011111011000011000111101000100	7	7
0110101001000001010000001010010000100010001110111	7	7
0000100011000110000000000110001110101011010010001	7	7
1111001011100001000000100001000011000001000001100	7	7
1100110010000011001110001000001101000000101010010	7	7
1010010000000101000001010001000100110000000100111	7	7
0011010101101001001100001000001000001000100001101	7	7
0001000111001000000101001100000110111000001010000	7	7
0011110001011001000100000101001101011000100000010	7	7
1100001101110000111000100000001000001001110100101	7	7
0000001011100011101011010011100000001100000100100	7	7
1001000101000100100000000010001000101110110100100	7	7
1100000110101111110110100000111100111001111100011	7	7
0000010011111001011001100000100001000000010010110	7	7
1100111000111001000100000100111011110001000000010	7	7
1101111110100101011011100000000100010000000010100	7	7
0011101001000010111001100000000001010101011010100	7	7
0110001000100011101110010011000000101000001110010	7	7
0000001000100011001011001001100011111101011101001	7	7
0110101100001000001100100010011101000000010000100	7	7
0000010010000110011101000111010000000001101111111	7	7
1001011000101010000110111001000010010010100010000	7	7
1110110100010001101100000001000100101010000010100	7	7
0111010010111000010010101010000111010001101000000	7	7
1101010000110110010100010000000010111010001101001	7	7
1111110001111001000000001001001000100101000000001	7	7
1000001000101111010110000010100000010110111000100	7	7
1000100110001000010100000001111001001000001001101	7	7
0100010010000001000111100011001000101001001001100	7	7
0000010010011001001111101111001101010000000000110	7	7
0000001101111000010001000100010011001000000101100	7	7
0000001001011110000100100101010110001101010010101	7	7
1110001000001000011010101100111110111000010000100	7	7
0101110000100101111000010000000000101100001100010	7	7
0100011100011100000011000000011000000100001101111	7	7
1001000010000000101110001101101001100000100000100	7	7
0101000001111001011011000000101101000000100010010	7	7
1000101000010001000001111010000100011101011111000	7	7
0000100111100100100100000010100001010010101111100	7	7
1101111001000010010000001000010011011000000000101	7	7
0011000011111100100100000100011001010000000001011	7	7
0100000000010100001001110000111111011100101001110	7	7
0100000001000011000001000010011111100000011111001	7	7
0000010011101001000101011000000011000011101111001	7	8
0000100100010011001111000111100110001110011111111	7	8
0001000001111010000000101010001011110000100000111	7	8
1111010100001010000000110011000110100010001100011	7	8
0111000001000001111111000001000001000100010001011	7	8
0111110111110000001001010101010000001101010101000	7	8
0001010101110001010010000010000010001111110001001	7	8
0100010000001001001001110101010111010000001101101	7	8
1101110011111000001010101011000100001010010001001	7	8
0001100100000110000001101111100111011111111111011	7	8
1000000111010010101001001010101001110000110110110	7	8
0100011100100001100010000101000010010000100101111	7	8
1000000110100101000000101011001010000010101001111	7	8
0010100100101110111010001100000110111100001000000	7	8
0000110011000111001100111000100000100001000011110	7	8
0001011110011011000100110000101110010000000000010	7	8
0001001010000011011101011101110100011010101011100	7	8
1000101000000110111100101100001000010010011010110	7	8
0010010000010010011000111101000101001000100000001	7	8
0010000010010010011000011010010101010011011011110	7	8
1111101110110100100011000000000010011000010010111	7	8
1001000010000000011111110001000110000010001010011	7	8
1000000000000110010111100001000111111100110000010	7	8
1001100000001001000001100111011001010010000010101	7	8
0001000011000000111101100110001000001110100001011	7	8
0010001000001001010000000111001111111000000010101	7	8
0011110101000000110000000010111110000010110010000	7	8
0001000010101100001011111110111010100001001100101	7	8
1101101111110101111010110001000010010011010100011	7	8
1011100101011000101100001001000001001001000100001	7	8
0100101011000000010001100100001000010001111001101	7	8
0000101101111010001001010110010000001111100001110	7	8
0010011111111001000000100100001101101111100100111	7	8
1010000010000010110010101000100111111010000010100	7	8
1010010000100100110110110101001111100010100000001	7	8
1000000111010100110101111010001100000010011100101	7	8
0010000110110101111010011011001001100100010101000	7	8
0000011111011011111001111110110100010000000110000	7	8
1000001110111110010111011000000000100010000110011	7	8
0011010100000011111110011011000010010010100111101	7	8
1111011111111010100001000000100010010001101110110	7	8
0010010110101100001100010011100011010010111001111	7	8
1100010000100011101101000010100011010001111110001	7	8
0000100001011010100000100000101011111111111101000	7	8
1010110110100111010110100000101111111110110000001	7	8
0000001111000100110011000100110010100101100001001	7	8
0001100101010001001000010000000000101111110010011	7	8
0000010101000101011001101101000011100001101110101	7	8
0000100000001010001001101011100101110111000011011	7	8
0111000000001000100101111000101010110011001000100	7	8
0000010000010001101011100001010110000011000111010	7	8
0011001110110100010010101000000100011011110100110	7	8
0000001011000010110110001000001001000111001000100	7	8
0010010101011100100010100010010100010100111010110	7	8
0000100011100101001011100110000100111110010000001	7	8
0010001001111001000001110101000011011100010110110	7	8
0101110000010011100100101100000100001010010110001	7	8
1111101001010000001011011001000100001000000100110	7	8
1001111001000011010111001000010101110010110010101	7	8
1010000010110000000011100110110111011111101000100	7	8
1001111001001010000010100001110011101000110000001	7	8
1011010100111110110010011011010000010000001010000	7	8
0001000100100001001110000101110001111010011110011	7	8
0100010001101100010000000111001011000111111011011	7	8
0011100011011010000100000100010100000100011100000	7	8
0011000101000111000101010011100000110000000100111	7	8
1101100110110110001011001101010111000101000000100	7	8
1001000110010110111000101110000000101010010100000	7	8
0000010100110111001101111101110000010001100000001	7	8
1110111010000100010110000110101001010000100100000	7	8
0001001101100000101101011010110000000001100101001	7	8
1100011100000011010101001011001000100001100000001	7	8
1000111000001000101010101100001001011001110001000	7	8
0111001101111001100000000010100000001000110101001	7	8
1010001000110000011010110001011001110000101000110	7	8
1000100010000000110011010000010000111110000010010	7	8
1000110000000100110101100001010000011100110001010	7	8
0101110100111001001000001000001000110101100100000	7	8
0011111010001011011010001110100001100001000010000	7	8
0101100010001011000100010000000100011010001111011	7	8
0010000110010001101010101110001110100010100000100	7	8
1111001000010100000010001000101010010000000111110	7	8
1011100110011100100000101000100010000000010100101	7	8
0000111000111000100001011000111101100000100000100	7	8
1010111100000011001010010010000010010110100001010	7	8
0000010111011010000011100101010000100100101011111	7	8
0101001110100101101011000001000010001000000101010	7	8
1000011110000110010100100000010111100100100000001	7	8
1110000111000110100100000111000100000101010000100	7	8
1101010100001100100000000001001111000110101011111	7	8
0100001001001111001001011011001100100100001000000	7	8
1110110011110011101000111000110110000000011111110	7	8
0000010000101110011111010001101001001010110001111	7	8
1110101111100011001011110000111001101100001110111	7	8
0110011010111100101110100011000111110000000110001	7	8
0000100001001000111001110010000100010100101111101	7	8
1111111111000100010000100000110001110101100010000	7	8
0101011000001000001000110010010101011010111010011	7	8
1010010111011101100001010011100000000010011100111	7	8
1010111100001001000001000111100101100110110001111	7	8
0110101011011101000000010011100111100010100011000	7	9
0111000111000111111100010000000010000100010101011	7	9
0000101000001011110111001001001100010111111001101	7	9
0011001000001010111000011100010111110010110100000	7	9
0101000010000000010010011010001100111001110011101	7	9
0000011010100100001011010100100111001000000010010	7	9
0010010001110110101110111010011111000100001001101	7	9
1101110010110101001011011101000001001111000010000	7	9
1101001010100110001100001101000001001111110110011	7	9
1110011110011111100101101100000100101000001101000	7	9
1101010100010000001101101011011000011010010001100	7	9
1011110000110110010010000010100111011111000000001	7	9
0011101000100010111100010001000001010100110110110	7	9
0001101101010100001000110100010110000100001001111	7	9
1000000010001101001101111001111101111111111110111	7	9
0101101001011011010010100110001011100011010101001	7	9
1110011001100001110000000010110011110111001000000	7	9
0010111000011010110111111000101101001000001000001	7	9
0100000101011110010001110011100100100000111111010	7	9
1100001111011100000011101111110101111110111001110	7	9
0101001010000000010001000111100001010111101100100	7	9
1110110000100000001000000110100111101000010011111	7	9
0001000110101111010011111000001111100100001000001	7	9
0001011101010000100000011100101011111101001111101	7	9
1110001011010000110010110110000101100010001110101	7	9
1111000101100111110010111100000110011111000100110	7	9
0101101011011001111100100000111110000110000011010	7	9
1100111110111011100110000110010111010000110010000	7	9
1011101001110110000011110000011001101000000010111	7	9
0111100010000000010110101001001101100111111011110	7	9
0001100100000010010110001001011000001000111100101	7	9
0100000011101100101100000110000001010110101110000	7	9
0001001111111101001110001111000100001111111101101	7	9
0111011100010101000100011101000011010100001000000	7	9
0111101100000001011010001000110111011010001010100	7	9
1101101010000100001111000000110001111000100010111	7	9
1001000000100101010110001010011101000001001101100	7	9
0011011100100010101001110000011110100010001001001	7	9
0001101001000100001011110111111111001000101100000	7	9
0100101100000011111010101000110000111011111100000	7	9
1011001011011000001001110111100100111011011101110	7	9
1001000011101110111000011011000100100101110001101	7	9
1101110111111100101000001100111111010000111000001	7	9
1110010001001001010110010000000110001100011101011	7	9
1001111010001001011000001000111111010010111000010	7	9
1111011000010100000010110101100011010100000001110	7	9
1111100101110001101110010000010001100100010001010	7	9
1101111001011101000001110000001000010100101101001	7	9
0101000010000000000111000011111101110011101110001	7	9
0010010100001000010001010010100001111111111000110	7	9
0110110011001010000110010001100101001101000011001	7	9
0001101110000100100000101100000010001001111111001	7	9
1111010100101010110100110001100000000111100110010	7	9
1000000010001110011001010111001010100001011100101	7	9
1001011011000000000111111111100001100010100010101	7	9
1111010111011100001000110110110101011100000000101	7	9
1111011111111101110111100101101100000100001000101	7	9
1000010010001111000100110101011001110010010000111	7	9
0110000100000011010000100001110001111111101001000	7	9
0101000010001101010101100100100010001101111101010	7	9
1101111010010010000001111001110100100010101100111	7	9
1010011110101010111100001001000000101001001010000	7	9
0000010100100000111110000101001010110101100101111	7	9
1101011111010000101011100000011011101010110010000	7	9
0110000001000010000011001101000101111111101111100	7	9
0000110010000111101011111010000011101110101100010	7	9
1001011110011010100110011011010011010010100100000	7	9
1101010000001000011100001001100111111110101111011	7	9
1000100100100001111010000111010011100011010110100	7	9
0110001111110000001100001010000000111011000110010	7	9
0001001011100111010011111001000000100110101100101	7	9
0111001010011000110011111110010010011101001000000	7	9
0001101110001011111001110010011111000010000111010	7	9
1110000110101110111110110000010001110111100000011	7	9
0110000000001001101000010001011010110101001111111	7	9
0010000111100100111010000011011111100010011010100	7	9
0011111101110010110000110000111000101100010001000	7	9
0001000000010100011101011001111111100100001110110	7	9
1001100001100001101100001111010000010100000000110	7	9
1010101011011101111100111111000010011010000100100	7	9
0000100011010010000001001100110001101111100100110	7	9
0000010011011101101100101000100000011111011000100	7	9
1000011111111100010101011111000111011000000111110	7	9
0001000000001011101000011010110001110111000011011	7	9
1001100101011010110100100001100011100001001000001	7	9
1011111110000101101010000110001111101100010100010	7	9
0100000001001000001111011111100010011010111101111	7	9
1000011110101101101100010100010010100101010010000	7	9
0011000001000011111100110101000000101110010011010	7	9
1101010000111010000011010001000000101010011110001	7	9
1001101010100010100100100110000010011101010100100	7	9
0000111111110011011100100000000010110111011000000	7	9
0110000000011100100000010001110111101110011000011	7	9
1100100000111010001000001111010110111100001000000	7	9
0000010110100101010001010111110010010011011010011	7	9
0100001110100101001111010000010001010101000010010	7	9
1011110000010001111001101010000000110000011110110	7	9
0000010110001111001010000011110101110010110111101	7	9
0100010010100100110001001101011111000000100011001	7	9
1011101000000101101110101000010111011101111001100	7	9
0010111110010011000001000010011101010111001010110	7	10
1111100001000111001100001010011110010111110011001	7	10
0000101001101111001001011100010110110001001001101	7	10
0110110011111111001111000011111111001100001010000	7	10
1101101110001101011100001000011000000111110011101	7	10
0010101100100001000100001001100011111100101011000	7	10
0001110000011011001111001110011100111000101110101	7	10
1101011110100110010101111101001110000001100010101	7	10
0000001111101011110011110010010111110001110000111	7	10
1001111010111000000111010000100001000000101111001	7	10
1100100001000000101101010100010010101011011011011	7	10
0101101101011110000000101110010011011101000110110	7	10
1101010110011000100101001011001010110010101100011	7	10
0001110110111010011100111000111000100111010001010	7	10
0000100110110001111010101001010111000110111010100	7	10
1110011100101111010101011100000010000010000101100	7	10
0000110011011001110111011101010000011111001100010	7	10
0000101011110101110100110010011011011110101101110	7	10
1101100000101000000011000111101100011010110000101	7	10
0010100111101110111000110111000100011100011100010	7	10
1111000110000000010110001111110001001011010100101	7	10
1011010011001101010110111011011100000011010000010	7	10
0100011111010101101110100111101000000110101010101	7	10
1111011001101101110001110011100110011011000000010	7	10
1000001110101010010010110111100011011110101100111	7	10
0110001011101110011000100001110101101001100101111	7	10
1001111110100110101001111100110111100010110000010	7	10
1110101010000000001100101011110100000111110101010	7	10
0011111100100011110000010000010001010111011101100	7	10
0101010100000011101000001000100101011101111011011	7	10
1100110001000010011101110011011111000000100001011	7	10
1100001110001001100010111011011001111110000011101	7	10
1110111111001001000010100010000110110011010111011	7	10
1000001101000000110101110110000101010110011011101	7	10
0001101101011100110110100010100101000110011100010	7	10
1101000111001111010100000110101010101101001110100	7	10
1110011011010111000111101000011111101101111110101	7	10
0000001010111110010001100000011110111011010011010	7	10
0111010001000000011100001010010110001110011110111	7	10
0110001100101011101111101111111100101001001110001	7	10
1001110011110001011000000011010101100011101111001	7	10
1111101011011000111001001111100001001111010101101	7	10
0010110000001101100001101001111011101000100011100	7	10
0001001011000011001011100111011111000111011000101	7	10
0000010100110110111110110010011011010010101110000	7	10
0110111011111001000110000010010111011110000011100	7	10
0101000001101110101100001000111001111111001101100	7	10
1000101110111110100100001000111111110110011000100	7	10
1100111011100101010111100000000000110110110011100	7	10
1111110011111011110010101000100010100011011010000	7	10
0011011010000100001101001100100011010110001001011	7	10
0001011001100111011001101001000100010110101011110	7	10
0110110010111010001100011100001100111001001001000	7	10
1101000011101110100000001010001110001000100111100	7	10
1100111011000111100010001100011100101001001100010	7	10
0111000011001110010001100100100100101110110111100	7	10
1000000001010010101110001110010011011111010000111	7	10
0001111111011110010000101110111000000011100111101	7	10
1101001010011110110010101111110100000000101011110	7	10
0100100011011101101010101010000000100010011011010	7	10
0111011011000110111001000000101000110100110101011	7	10
1101010011000111100010100000011111011101011010110	7	10
1000110011011111000000011000111000010111011011011	7	10
1010101100100110111100000100111100100011001001111	7	10
0000010100111111001001011111101010010110110100101	7	10
0101011001100001111001101011000010011110010100110	7	10
0100010101000010011111001100111110100010000101011	7	10
0111010101110000111101010111000010101100100100000	7	10
1011101100110110011111001110000010110000110111011	7	10
0111111001000110001101101111110010001000011111011	7	10
0101100010111001100111100000100111110110110100000	7	10
0000101111001101010101000111100000001111110111011	7	10
1110010000010010111010011010100101001110011111101	7	10
1111011010010100001110110000100010110101010001111	7	10
1011001110010110000111011011101011010010111010000	7	10
1000101000100011000110110010111001001011000100111	7	10
1011110011111101000010110101000110001100001010110	7	10
1011111111101100011100111101101101001011000000001	7	10
1011001110000100000110001111010111110111101111000	7	10
1010110010100101001110000011010000011000001111110	7	10
1010111100000000111101000001010001011011010100001	7	10
0100110010001001100010010101010101010010011110101	7	10
1101011011100111011111000101111000100010000111010	7	10
0111111011001001111011001001000101011000001011001	7	10
1111111110001100010000001010111111001111010010010	7	10
0001001111000000100001111110000110001011011010101	7	10
1010001001001011011100000010000011101011100110101	7	10
1001000111111110101101100000100110111010111001011	7	10
1101000001100001010000000011011011010110101111011	7	10
1110110110011101000011000011010100011010010010111	7	10
1010010101010010111101000000011010111110101001011	7	10
1100010100000010001010101000101101001111110101001	7	10
1100100110001000111101110011101101101000100000001	7	10
1101110110110010101000101100111001110101011100001	7	10
0101010010100010101111100100001000101001001111110	7	10
0111001101111101101011000010100101011111100111011	7	10
0111011010110010011001000001010001101111111111101	7	10
0010101110110011111001111110010011001001110101010	7	10
0001000100001111111101011001010100011111111100000	7	10
0011110001111101011111000000100111111001001000010	7	10
1100010111101001100010111011111110111000110110101	7	11
0111010100100111000101010010110110101111100100011	7	11
1110001011110101011110111001000110010111001110100	7	11
1110110011000010010011011011001100110001011010010	7	11
0110100101101010011101010110001011111000110101000	7	11
0011100110010001100001111110111000110100010011101	7	11
0011110111111101101101110110101110011110111100100	7	11
0000001100011001100111011100011110000001111011111	7	11
1010011110111001001010011001000011110111010010011	7	11
0110011111111110101000000010010101011110101000111	7	11
1011111001001111111100001100111011011010111000111	7	11
0110111011111111110100100100110101100001011010010	7	11
1010000000110011010111011101010001110110101110110	7	11
1100111111010100100000010101110111010001101001100	7	11
1001110110000010000001100101001110011111111011011	7	11
1101110111001011011001000110100101100000111101011	7	11
1000010010101010000011010110111011010011111110011	7	11
1111001001101001000110100000011001000111011000101	7	11
1001001001111101010101010001001001111011001010011	7	11
1010110111111001100001101110001101010110010000001	7	11
1010010111110001000011000011100111011101110001010	7	11
0101011111011011110001000011001100011011010010100	7	11
0111101101000010001001101111000111100100011010100	7	11
1000100000010111011010111110101010101101100001010	7	11
1010011001011011010111101001011110110110100111100	7	11
1011101111110100110000011111010001110010001110001	7	11
1111001010000111110111010010100111100011010100111	7	11
0111101001000111100101100101000010110110011101101	7	11
0000011110011110101010011001111100111111110010110	7	11
0110001110110001101011011000111011101000111100110	7	11
0100011110000111111111100111111001101101011101000	7	11
0100011110111101110010111100010111011101110111101	7	11
1011100100000101101010111011101010000101110101001	7	11
1001100110000011101101111001001111100101111010000	7	11
1011000110110110111010010101110011100110001101110	7	11
0110001101111111010011010111010000001001000001110	7	11
0101110111000011100011110010011111001010011000111	7	11
0111011100111111101100110111111000100011110010111	7	11
1100110011011001101000011010101010010111001011111	7	11
0110011100101001110000111100001011010001110111011	7	11
1111000101101110010110001110110001111110011101111	7	11
0011111100001100011000000100111011100110011110100	7	11
0001110100110110010011011010110111110001100101110	7	11
1111011110111001001110010110001010010100100111001	7	11
1110000000101111101111100110000101000111110101001	7	11
0111110110000110000111110111001000001011110101011	7	11
0110100011101110100011111101001101110011001000100	7	11
1111100111001010011001011111101000010010011000100	7	11
0000110111100111110000101110101010101111111001100	7	11
0010111101100100010011110001111101101100111011101	7	11
1110101110101011110100100100111000100101101011111	7	11
1001111110000100100100011000110011010101010111000	7	11
1110101101111111001000100010011111111101111101111	7	11
1000000101010100011011010010110101111101110010011	7	11
0001000101000111100111110110010101101011001001101	7	11
1100111000101011010101011000001100001011100010111	7	11
1111111110010000011011110110101011110110010001111	7	11
1001011001010001011011110111101010100010110010011	7	11
1010001101011010011100111111011101001101100001000	7	11
1110101100001111110001011001000111111001010000110	7	11
0001000010010111010101001011101011011110010110101	7	11
1110001010000110001111101011001010110000000101111	7	11
0111110011101011101011011011010100100101100110001	7	11
0000100100011101000000110010100101100111011101110	7	11
0101001011100101111001000111011011111001110111111	7	11
0010101000101011100111011000111011110011100001100	7	11
1101001010011011011010010001111101010110010001100	7	11
1000101011100100000110100101110101001111110111000	7	11
1000111111011110101110111010010010100100111011100	7	11
0110000010110110011100101011101011100010001110111	7	11
1111101001000000111111100111001010010100100010011	7	11
1001001000111000111100110101011101010011011010000	7	11
1100101000110101101111010111010011001101000001111	7	11
0101010111100001011010010111101111000000101000011	7	11
0111100110100011100100011111100000101010110010100	7	11
1010010111111111110010110111001100111000011000001	7	11
0001110101010001001110000011101111111001000011000	7	11
1100001111100010100110011011010110011011000010101	7	11
0001101101100111100111111010110111000011111111001	7	11
0111010101111011110010011011000110100110001000010	7	11
0110100101111011001111110011001000101110110100100	7	11
1011011101111111101011000110011010001001011000000	7	11
0110001010011100010110000011100010101111111001001	7	11
0011000101111101110110111101011100001000011010110	7	11
1101100101010010001000101010111001011001101011111	7	11
1010100010011010111011110000110101100001011100001	7	11
1101110001100110101100111101111010110110000100000	7	11
0000101010110101100110010101111111011011111010101	7	11
1101010000100101110001100001101111101010101010001	7	11
1001001110011010001010100100001100010111110010111	7	11
1101010001100110000101011001100011101111011110101	7	11
0000110011010110101011101001010010111010100011110	7	11
0000100110111111011011010100110001100110111010101	7	11
1011011000011001111000001010111010100000111100000	7	11
1010100110110101000001011011111111100111101100111	7	11
0101100001011010010111101011001111001111110111100	7	11
1001000100001100011101000101001011101111011111001	7	11
0011010101001010001001101010111000111110110000101	7	11
0100000110101011001100111011011010100111000101111	7	11
1101111011111111010101111010110000000010111010110	7	11
0011011110011001101100000101001111111000010111100	7	12
0001011011111111110010000111011010100111011010010	7	12
0111011110011010101110110111111101001011110000011	7	12
0111010101001010010100111111001111011001011111100	7	12
1110010011011100001100011011100111111000010101101	7	12
0110011001110111001101110010101111001010111101011	7	12
1110011110101110110000011010011100001011100010111	7	12
0100101110001000100110011111000011010010101111110	7	12
1101111001101110010011101010101000101110010010100	7	12
0101111101110000110010100110100001111010001111101	7	12
1110010010110101111100110011010101110110001001001	7	12
0011101101011011001011010111011011110110010011110	7	12
0010111110101011101001000101111000001111111110110	7	12
0010111101001111000000001101111111111111000101110	7	12
0100111110100011111000100100011100001011011011101	7	12
1000011010101111000011001100100111101111010011011	7	12
1010011111010111000011111111010110111100000011101	7	12
0111100010111011011011000110010010010110101111001	7	12
1010010101110101111011111110111011100101001100111	7	12
0110011110000001110001000011101110010011111010110	7	12
0000110110101011101001110110101011011000111001101	7	12
1100111110000001101110111100010101010000101110011	7	12
0100110110010101010000110100111111110111000001111	7	12
0111010101100110101100101111111101100100111001111	7	12
1000101111010111011010011100010011010011000010111	7	12
1001101111001001010001110111111110101100010011011	7	12
0011110010011100110011111111100111011100101001101	7	12
1110101110111000000111011111111001001110100010110	7	12
0101011001001111011001110010001010010111011000010	7	12
0101000000111111110010010111010111111000111001010	7	12
1101111100001100101111100010011010111011010111110	7	12
1010010011100111100111010111101101110100011001101	7	12
0101001011100010000101101110001111010010010111011	7	12
1111010100111000001110111110100000111001010011001	7	12
1101001010011111110010111001111010110011110001011	7	12
1011110101110111100001111010100001000111101101011	7	12
0110110001100010011111101010001110110100110100111	7	12
0100000100111110111010111010111001001101001011110	7	12
0110010110101110011110000111011000100111011100010	7	12
1111110101000110110001110000011001111001000000101	7	12
1111110110011110111011100001010111000110110101001	7	12
0010111000111111100011101011101100101110111011000	7	12
1101011110011001101101101001101001110011110111111	7	12
1110011111100010111111110101000000101111101101111	7	12
1001110001110110010011111100110101111011101000010	7	12
1101111010011010111110101001011010101001011010100	7	12
0110001001111111101011110001100101101001110101101	7	12
1011101010010101100011101011011001011111010001110	7	12
1000110111011111111101100110110100011010110110011	7	12
0001011001101101111011110000110111010001110001101	7	12
0010110010101100011011100011011100111111010000111	7	12
0101111111100101100011111010110010111010011111100	7	12
1011010111100110000111000100110110111011111110010	7	12
0100001010111011110111100011011110010011100000111	7	12
1001111110010001100011110010100011111010011111100	7	12
1111101110111011100101010001001010100100011000101	7	12
0110011011110011000010111101001101011010111011111	7	12
0101111110110010101100111100110101111100100011101	7	12
0100101011011111001111110001110110110000110011011	7	12
0101001100010011101101111110110101000101110100111	7	12
0110101110101110011011010001000001100010101111111	7	12
1110101010010010110111101111110101010001100110111	7	12
1100100101011000010101000101011010110010101111001	7	12
0011101011110011001111001010011011100010001101001	7	12
1100111100111101101101110101101001001011101100011	7	12
1000011001000111110110110110101111101111111001011	7	12
0011111111110111011110100011100011011011101001001	7	12
1000011110100010101000111001010111100110101110000	7	12
1011111110011101111101000110011000101101101001100	7	12
0110101111111010110100001111001100100011010100010	7	12
0101110101100111010110011111101100010011110100011	7	12
0111111111000011111100011010100110010001100010001	7	12
0011101100000010110101010101110000011101100111011	7	12
0011011110110001111001110110110000111100010101110	7	12
0001111111100111101011011111110110011010100100010	7	12
0100010100110100011100111111101101001110101111110	7	12
1101000101000101100111100101010110001111111000110	7	12
1110001010011010101101111011101100101110100011110	7	12
1101011010111111111001010100100101110101100110001	7	12
1001011110011010001010110101111101111000101111100	7	12
1110011111111110010110101001001010100010111011100	7	12
1010110110101001000000001101111100100011100000111	7	12
1001100010110011100110001101010010111100000010110	7	12
1111110000111001101101111010000101110111111110111	7	12
1010100110011101100010111111001101111001101111001	7	12
1010101010111111111000110010110011000100110101010	7	12
1110100101110110011110101101111111010011101111001	7	12
1111010111011010110011101001000111010111000100111	7	12
0111110101001101000100100111100110101010001011000	7	12
1001011110101101011100110010100110011000001011111	7	12
1100111011101101111001101111001100110101010100110	7	12
0111011100110100001111000111111000010110101101001	7	12
1100101100111001011100110011101101001011000001111	7	12
1110100100011111111101101000011011111001110011010	7	12
1110011100001001010011111111001111101111100111011	7	12
1010100010011100111011100110001011100111100011011	7	12
1111110001101101101100110100101100010001111011101	7	12
1001001010011000111111110001100101011111100011011	7	12
0010110100110101110001111001001110101001101110011	7	12
0100001011101000110011110100010111110111011101000	7	12
1111011101110001110000101101001011011000111010011	7	13
1110101100011101011011100011011011101011001111110	7	13
0100011100001111111000101101001101111101111000101	7	13
1101011111001010100010111111110011011011011001010	7	13
0011101111111001011101100110101011111011001101111	7	13
1110000010101110011011100111000111011110010111111	7	13
0111110000110011110011110110110111110011100011011	7	13
1101010100110101011111000110011100101111100011111	7	13
0011111111100001110111101110101001111011011001011	7	13
0111011110110100101110101111110101110000111110001	7	13
1000101001110011101111101110010011001100011111101	7	13
1111010111000010110110111101001011111111001101110	7	13
0110011011011011001101010011101100111111011111010	7	13
1111111011010101010111100101100001111110011010111	7	13
0011111101100011101101111101011101111011101000011	7	13
1100110101100100011110100101101111001100101110000	7	13
0011111111011001010110011010000111010110011110101	7	13
0110101111100000101110011101101111101100111100001	7	13
1111110010111100100111100011110011011110011011011	7	13
0011101000101101111111110010110110001010001011111	7	13
1100011101011100111001101101010101100110111010101	7	13
1001001011010110100101011100010011001111100011111	7	13
1110000011100110010110010111100110101001111111110	7	13
0010111110011010111010110010000110111101110111100	7	13
1001011111101100011110010111001111011111100111101	7	13
1100111011100011010001111111010110000111010110110	7	13
1110111100111001110111111010010110111111001101111	7	13
0110111100011011111011011011101010011011100010110	7	13
1001111110111011111000101100111111101010110110110	7	13
0111000111000101011111101001001101110101000110110	7	13
0100111111011000110010101001100101110011010011110	7	13
1111001111011010011010000111010110011010111001110	7	13
0011111100011110011101110101010110000110100111001	7	13
1100011011001110001110011110110110101001111111000	7	13
1010111111100101011011101111011011100100111110010	7	13
0110010101100110111111101000011110100111101001100	7	13
1111110110110111100111111000110101010110110111110	7	13
1110101011111111101100010111110111110001100011100	7	13
0011010111011111110110101111111000010001101111110	7	13
1010111011111110111010111000110101111100011111110	7	13
1111001101001011001010111010000111111100001110011	7	13
1110100010101111111011101100001011100011011001011	7	13
0101111100110110110011101110110010111111001010110	7	13
1011011011011101011111010101100110001111100111101	7	13
1101010111101101111000111001110110111101110001111	7	13
1111100011010111111110010111011101011000110101111	7	13
1110101010011010110101100010110010001011011111011	7	13
0111101011011111010000111110111101110111101100111	7	13
0000111100010100110001111001011011001010111000110	7	13
1000111111110100110100110011010010111010000101110	7	13
1011101110110100111111101000111110010101110111001	7	13
1011110100011011111010111100111011100011110100101	7	13
1110010110101111001000100111010110111111101011110	7	13
0111101101110111001010001111110001111110111101110	7	13
1110010100100101010101010110011110111001110110110	7	13
1100111011111000101010111001101001101011011011100	7	13
0111011001001111001101001001011011010001011111100	7	13
1100110111011111111101101011011110101011111011101	7	13
1101110100111111101010010110011110110110001111011	7	13
1100101111011111011110101101111101111001101011101	7	13
1010110010111111111110110011010111010011111101010	7	13
1110000110110001110011100101101011100011111011011	7	13
1101010101001000101110111110010011111101101111111	7	13
1111100001110111110111101000001111010011100111001	7	13
1110011011011100111011010100101101011111001001100	7	13
0100111110110011001100010111101111011111010001101	7	13
0110001100011101101101111011010101110110011111101	7	13
0011011101011111111101111000111101110110101101111	7	13
0101110010111110111101001111011110111101111111011	7	13
1101101101101100111000111111000111010101111111110	7	13
1110101011011110011001100001101101010110011110010	7	13
1011111110110111100110101011101000011110101100110	7	13
1011101101000101011001101011110111011110010001111	7	13
0110100010101111010010011001100111010101101110011	7	13
1101110011111111110001011111110110100111111101011	7	13
1101011011001111110101111001110010111111111010111	7	13
1100001100101100110110101101010011111111110010101	7	13
0110010011110001001111010110110110111110110010011	7	13
0110111001110110101111111011100101111111100010011	7	13
0110001011101111001111001101001011110100011101001	7	13
1011100000101111101011101010011111100100110011001	7	13
0010111110011101011100001011011001110011011111101	7	13
1011100011100010111111101101111011001001111110011	7	13
1111110011011101100001110101000110110110111101111	7	13
1110100101110001110101111011110110111111101101011	7	13
1100110101000110111001111011110000110011111101010	7	13
1010111010001111011000011111010101011001110110110	7	13
0111010111010001001111101111101111100011111111001	7	13
0101110101110001110111100001010010100101111000101	7	13
0111101111001000101111101001100111011110001110001	7	13
0011101011011000001111001111010100111011001110010	7	13
1010011100111110111011110001110111001010110011001	7	13
1111111111110011001100110010010110101000111101010	7	13
1101000101111000110101111111011100111010111101110	7	13
1011111001001101001111110110110101001111101001011	7	13
1000100011110100001101101111111011110110111111010	7	13
0100110001001101111111110001101101111001111101001	7	13
0101110101110011010011100110001001101001111011001	7	13
0010011100011001101000001111110101011111110100110	7	13
1110111110101000010111100100011100101001111011001	7	13
0111110101001011011110011111011101111111010110111	7	14
1001111101111011101011111100110011101111111111011	7	14
