100010001
101001111
100101010
010100111
110011010
011001101
101001010
110101010
011100001
010110001
111100010
001111101
100111101
111101001
101011111
111001100
011111101
010100011
110111100
010110101
0101011110100011
1111011111011110
0100111011010110
0101011110110110
0001101011000100
1000010101110011
0101110101110100
0101100100011110
1001101001011101
1000000111001111
1011011011000100
0110010001011001
1100111111010111
0011101010110110
1111001110000010
0100100111000110
1000011001110010
1101000100111001
1100001010001111
0101110011101010
1111010111011010001011011
1000100011111100000111000
0101110000001110110101000
0011100010111000100010010
0001011100110101110101110
1100011101101111110001001
1101111111011000101001011
0100011000101000001111110
0011011110111011000000100
0101110111100110011110101
1001001101001010110010101
0000101001100010110010010
1100001000000110000100100
0010101110100011110101111
1111010010100110100001110
1000100010110010010101110
0101111001110111011001110
1000000101011101000100011
1010101110110100011001010
0110001010101110100011010
100001001001001100110110001000101110
010000001010011011101010111001110111
001110011101000011110011111010110010
011100110011100000010111111101110000
001111011110010110100111001101111010
010001110001100001111100100101000111
101111101011001001110101011011111010
101000111101011010111010110100011111
110001011100101010011001010100001100
010010000011101100111111110001011010
010011101001001111110000000010110011
101110010110011010000101110111101010
001001001100000111011001101010000100
101000000001010001111110000101011110
100000100111110000010001111000100101
111011010010000001010100111000011010
110110010010010110101001011100110000
000001100100110001000111001000010001
101101010011011111111101010001000100
000101111011010100110010101101110001
0100110100100100001100010111111101101010101011100
0010011011111000101110000011101111001110001111000
0000111100010111011110101011011000000100000101110
1100110101010001011011001001000000101000101101100
1110010000000110000110011010001100011111001100010
1101100111110001111000100011010011011000001011110
0111111011000110111101010001110001000001011110111
0110111100110011101110011001010000001100001010001
0000100100111111001000101110000101110110010011011
1101010011110101110110110100100110011011011000111
1101110010010001110010111100011010111000011011010
1010001111000110111100101010101101000101110000011
1111111100111100100000100011001110010100100101010
0010010101100001001011010001100110101010010110001
1011001100001010111010101110101011010000110001001
1001110001001111110001100010001100100111010011111
1101011101110110110001100111111011100011111011010
0111100001111111010100010001010010110111110011101
0001010000111101000100011001000101111010111110101
0110111111110100100101110101010101001000001010110
0011010011000011010110000000000100010100101001011000000101110100
1000110100100101000101110000011100010011101100010011110101111010
0100011101010111011100011010010101110100101100110011111011011110
1101111100101110101111101110111000110011011100011101010101001110
1001100110011000011001001001000011101110101100000110000101010100
0100010000101111010000110110001000011111100000001100011101100111
1100001110100100101101000100100000100100011000001011101111101010
0010111111010111111000001110100001111000011101110011111011000101
1101001100001100011111000101111110100001001001010110001011100101
1001011111001010001101011101111001100000101110110101101111001011
1011000100101101000111111001100101011111100100011000001010110110
0110000101100101110110110011011011110010111001000010101011010111
1101001100111110101100000110101100111111110001101011110010110010
1011010111001101010111101001111101101000000001001001110010000101
0001101100101001100000011000001001000011111110101110101011100111
1000101100100110000010101101010111101111000010000010001110101011
0010101101010010001000111011101001100010000100000100011000100001
0111000000001110101000111101101001000001001101001111001011010111
1011111100001110100111000001011111000111101011010101001011000011
1001001001111001101111111011010000101100101011101110100001101100
011111111111011011010110110010000000011110001100011101111010011000100101010111100
001000010100111010100010000001001110111110111111110011111101111000000111100010010
010111011110110111110100011000001100000110111110011001000010010000110100101011100
000111011101111100111011011010100011111110100111111001100011000100100110101001000
000010010100000110010111010100000001100111111110000011000100100110111000011001100
001010100111010110001010101011001000111110100011101101001000100101010110101101100
101010100000010101001100010011110101000100001100111100100111010111110000010011111
100001001111000100000001000100010110110001110000001100101100110110011000110001001
101001011011011011011001101001101001111000011101101000010111001000010000010100101
110001011110011111000110110111111111111101100101100000011100100101011000011111100
001100111101100101100000000101111011001001000010100100011110001001111101001101000
110001011111000011101000010100100100101101111000111010010100111010001011100101010
100011000010010000111011100001011010111010000111011101111000011100001101001110001
110011110001110110001000010000111011110100011011001010010001100101111111110000000
111011000010111110100110011011111100010111000010001111101010010010010000110101111
000100000000111011110100101011111101101010010100111111111000101011010001101111101
110100000000110011100110101010110111000011110110010100011111100110100011111111100
011110100110111110010100001011010110001011001001000110100111110010010010110111011
111011011000001010000110001001000001001001110110011101000011101011111111110011001
101111110111101000110010000111101111110111111011100011011010011011000101100111101
1111010101100111111001111111011000001100111100010000110111010011100100110101110101101011011110010011
0001111001011011100011010111100101010101101101011101011100110000101010101101010101011101110111011111
1011010010100011100001100100111110000000001111110001010101011100101100001111111111011101000001101111
1111101111011010111111101001100000100000100111111010001111001101111110000000101000100110000001011001
0101000100010111000101010010000010000010110001110111101000001110010001010011110001101010000111001111
0011100100100110100101011011011111000101000001001100010110100111110111100000011110111011101101010101
1010000101101111101001010010011001001110100100101001101010000000111010001001011111000111001111010010
1111010000011110000001010000010100111100011001101110001010111000000111001100011011101110110100110011
0101111001010001101110001001000010101000000101110100101000000110010101111110010110100010000011110110
1111000110111010000101000110110100001011011011000010011100101001100000000001011101010111001001111001
1011110000011000000101101010110101111010101110010110001110111001111011011001011001000011010001010011
0110100110010001011110001110011000001001110101101001001011111011110010100011110010000101111110101110
0001100111010010101000011011101111101111000100000010100111011100000010011000010111111001010001010100
0100111100100001110110101010010110101001001110001010010111101101111001010001101101000100101000111000
1000001001100111010001001010011000011010111111010101110110000100001011010000111111010100001000111111
1101100000101100110110010111111100000001001101111100101000001000010110011110111010110101010010101011
0010100111101011101111101001001001001010011011110111100010101001100011000111001010100011100111100111
1011111000110100010101000010110001100111000101111110011010100001000111001010010100110100000010001001
0101010010111111010011000101110000011000101001000011110101000111011111000000101111011111100111101000
1000100001111100110101010001011101111100010111111111101101001010000010011111101001010110101111001011
1101101010000100000100001000110110101101000011010100011000011011001110101010001101110010111011110101110100100111001101010
1110011010110111011000010110000101100011111001010010000011101110010010111110101110011010111011110100001000110101110001001
1111011001101110001001111011011010110111110101110001101110111011111010011100100010110000010111010000110011000000000010100
0001011010111001111101111001100101001010001011000000010110001001111001111001110110111101011110110111001001101100001001111
1111011100011011111101111110111110000000010100001111001001110101011000011000101010000101010111000000000100111101001100000
1011101101011001001111110100000001011010111111001101110101101110000000101101010100000111100001011110111001011110110101011
0101001100110101111110111000001001011001100111111000000110110001101001111001001001010011001001000110111111110110111100110
0111000000001011100111100111111111011101011100001010100000110101000110101101110111101111000000001000110001001000000100010
0011110010101010111100100110010101110001010001101001010010101100110111001101000111101110101010011111111110010100001011010
0000001101100001111011001110000100101000100010111000011001100000110010010000010110100010100101010111011110010100100101010
0001110100010000110111100001111001110001010101101110110000101011110011000100100001111001001111100010010000111111100011001
1001100100110111000100010011110100000110110001000011101011111010101111111100100000010011100011010101110100111001000101010
0010001100111010101110101010001000011001110110001010100000110101101000100000001010100111000010100001111011000010101100000
0011000101010001101110000000001011111110000101011010111111100001100100111010000011100100011111111001110101111010011111010
1001011100100010011101100110100001011001100101001000000100010101111100101011010100111011110100100011101000111101010101100
1111110001001010000001110001101011110001010111010110011010000001100000001001011011101101100111001100000011101100000111001
1101001101111000100111000101101111100000100001010010010010100101101110100110101100111010100001000111010010011101101011100
0100001101001000110001100111100011100011000100111101110011100100000110000000101101001001110100001110011001100100101110010
1000001010100010000001100001111010010111010001100101011001100000100011000111110100010001001111111101110000100100100001101
1001111000011000010111110101110000010110001101001110111000011111101101100100001000011011111110101001111111010001000110001
101111100111001011000110000101000111000110100010000100001000101110000011110111111000000111010000111111101001101101010110111110111110010001001000
011111000110100100101010001100000100101001111010101111110100110101101001100111001000110101110000101101001001110001111101010100000000111001001110
011110111001001110011000110011100000010110011001110011000100010010100001010100111100100000110100000001000001101000111010110001111110001101110000
110011101111111001000001001000110010100101010000010001001011100011100001011101100101100100000110110010001101100000100110011110100011011100010011
011010111000101001111110100100101101001010001001011010000100001001101101111000011000110100101100000000000010010100101000000111011001110001010100
110011101001000111101000111011000100111011101010101100000111000110000001011000111100011111101100100000100111100001001000000111010011111010011110
011111010111111001001010101111011011000011010111010100110100110000001011010100011000000111110000100010001101010101010001010101011011110001011101
101011010001001011010101010000101101000001110111100011110000010000000011010011000000001110101101110101011000110000011111000001010011111001101000
101110001001000000011001110100010110100100001001010001100011101000111101001101110010110001101000000001011010010011101011011000000010000010010111
101110110011100000111110101001001001110111101101011011101101011000001101011000001010100000000001101000111101101110110110111011011011001011111111
011111100110000010011110010100101000011011100001111000011100110011100111000101011001001001010110010001001011100010011101110100001101110110111111
111000011101110010000010101000000100101110101001111000010000110010001001111101001011100010100111111111101000010110111100110010010010101110111000
010000000100001011010100000001001111101110000111001011100100000101001100001000001011001100000111101010101010011100001001111010111101001110010110
100111110011101100101111001001110100101001111110001110000000110110000100010100111101100011001001110010010100111011010100010010111000011001011111
010010000100101001101111011101110110001010011000011101000100000001011001000001110101110010110000001011011101011111010001010111100101001101010010
000000111111100010010001110101101101000001101100110100001101011000001001010101010000000110101010110100000110001010001110100111010111110000001010
100111010010100000100011100011010011101100011010011100111101101110000101010011011010001100011100001010010000101000000000010110001110111011010110
100111010011111111111110000011100110000111000010101010100001011110001010011100110000001000001100100100011100000100011010110111101001111001110010
111110101101111110100110011110110011010111110000111110001100100111001111100001111001111101101111010000000100011011000000001000011010111110001110
111000100000001100100101011110010001111010000010111000011011110110001110001100000101100100100011010101100001001111111010001000110000010111100100
1101110110010100001100101010100011000011010000101110001100011000111000010110001001111111010000010011001100001001101011111001001010111110011010000111101010011000010110010
1010000111111110111111110110110100011110010001000011010000000101110001010111101000000111100001110000010011110010011111101101010011111100111011000000010010000100001101011
0101101010000000001010111011001100100001110011010000101110110011011111100100000011001110111100000011100000111001100101100010001000011000111010011001110010001111000101111
0010101001100100001001100101101101001010011001011011010100001101010000010001110000011010110010011101100100111000110011111000011100011110001111000110101010110000011101101
0110101110110111000111111111001101110111001010011110010111100001010111001110001010101010101110110111000010000100100111001001100001001111011100000001110111000111110010110
0001010001001011100010110010101110010110011011011011001011101111101010001110110001100001001011001001110001111100111111110001001010010000011111010000000010000001000101110
0101110001100000110010011101000000110101101111001010000000000111011111001010010000000001101010110010110000010111000101010100001001100111100011000010101001000100110010110
1001111010110000100100010000101011110111101110010101011101000110001101000111001100001010000001110100000011001101001010001010100000110010011111111011101001010110000111010
1010101011000110110100010101100100111111001010011001111111110010100100110001110100000100101100100110000010100100100111110000010101101010110001011010011110011000100010111
0111100000011011000001000101001101000110001100110000000010100111111111011001111111110111000101100010100011111100101100000111110010011001111111110011110111000001001011100
1000100110010010111000011101000111100000101001101000110111101010111100000011111001010011110000111000110111010110001111010001101100100110111100110001101000001101111001100
0011101001111100011110111110011011011110110111111000101100100001010010000100100110000001110110000011011101000000000110001100101001111101010010101000010100111111001100100
0100100010100001101000101110110011000001100100101101000110101100111111011100000110110001111110101111110101110110000101111110010001101010101101100001010010111100010101111
1111101001000110101111111101110101001111101010011000101100011110001111101101101000110111101000101101111101100000101001110101111101000110110111010001101001111001101010011
0110001010000110110000011011011100001110100110110001010101000011011110010110111000111100101001011100100001000010110111010000101110001110000110111110110000111001111100101
0110101010011000001011010110010100000000110000010000110110111001101010000001100001101011000101100001110000000000010101011000000010010010011000001111010000001011010011000
0010101001001010111110000101110010100100010001000010110100101010010001110111101011000011101000111111100110010010001001000011001010000101000010011111001000010000010000101
0100101001011000110010101110010101000001010000010011000000011100111101111101101000111001101001001000001000000101000010111111101101101101110111011001111000010100001110011
1100001111101110010001110010111100010001010001110110000011000111000110100100000110011010100101011011111100000100100001000101010110111001100101001100110001101100011100000
0100110011110010001100010111111100110111100100001101010110100101100110011000110100101111101111110111111111111010100111000111001001000011001110101110000001101001111011001
0111001100101000011100000100000010000010101000010110100100000101101000100101101010100111010101011010100101001110000101011011011110100100010010111100010100101000010110110111111011010011000011011110
1000000111010101111110000110011110110111111001110011001001001010110101010000101011111101011001110111101111101011100100010111110100011110010111001101110100001111100011001001100110111000010000100100
0010111001111011010111111011011101100000100111001100110110011111100101011101001001011011100101001111100010100001101101111000110110110000100001100010000111101110011100001011001000010000010001100001
0011110000101100010111010011110101010000111000010001100110010110111001001010111101111100101101001111001110101010100100111110110000110011110110110011000001110101000001101010000001111011011110011110
1101111100110010111011100110011100100010001110011000111010011010100000110010011011001101000100011000010111100110010111101101001011100001000100000100111000010001100010110110001101000111011011001100
1011111010100001011011001011000011111010100010111001011010111100100110101011001010100011000011000101101111100001011010001010011111111111100001110010001111010101101000000101000001101001101010011001
1001100110111100101010111110011001001011101101101010001110101101101011111100111011110010001001000111100011000010001110100001111111111011010011110001001110011010000000001101110011111000110010010000
1011110010011101111111101011000100110100011010010001011100111110101110010000011111011111111111110111101110001101100111001101101011001100000101001000111100100111011111111011011111001010100000101011
0000000000101111000101100011101110000011011110111001110111111010001000001000111101010110010110011100010110100110110100100101010000101111001101110001011010100011100100110111111100101000101110011001
0010011100110110000111100100101011101011111001101101101000010100100101110101111100100011001010110001110110110110101000111101110001100100011110110011011001111101010110001111100110010110100010011000
0011000001001001110100111011000010100110101010000001011111010110111001101100011101000100100110001101110110100001010010000000111101110000010011000010001001110001011010101010001111110010101111101100
1111100000111010111010000000001001000111110111001010111011111011101000110100101100001100101000101000001010100001001011100111110010101001001001011010001011000011000101000110110101100100011101010101
0101111011100101110101001001111000001101101001100000110101110001101100100011010010111110100110101010110110100001100000010000011001001001011000110001000100011110010000001010011101011100001010001001
1111001010100000100000000111110001011010011100011001100100001111000000110100101001001000101110111011010100000010110100011100100111100011111000101101110100111000000111001100000001110110111101011101
1110010001011000010101000100100101100101101011111111011100111000010100010100101000111010001010111000100101101011001110000110011100011010010011111111010001000000100000001010100101010100010001110011
0011000111100100100101011111111010001000001110101011001100100101100010111110101110000110001000001110010111001001000001110100101000000110111110011010111100101001100110110111110010000100110110011000
1110111110110000010000001000101111110010110000010011010110111011101000111001001110011111000011011001110011010110011111010111111010110001111100010001011011000000100010011001000011101100100111011001
1011011011001000111010110001010101101011111000111001110110101111111101010010011101111100101010011011010110000101011111001000111010010100011110011000001111010010100011100100001000110101001101101011
1001110111101011001000011011010011101001110011000110111111101001011110100011010101110010111100001000111001101001111011011000110001010100110100011011111100110111101011000100110000001001011011111100
0010110001111000011111000011010110111111110010010101001100001110011100111111011010001001100011000101111110101000000010001001101110000110010011101110000111001100110111001001001001001000111101001110
101110001001000000000110100000110100000100101110011110001001000001000011011111101110110110110100110101100000100001111100010000010010101000101101101011010001001100111110110001010001000011111110110111111001001010001111000111000
101110110010110100010001000111001101011010010001111101001100110101000100100100111100011011010100111011100110011000101011001110000101101100010001001111000100011100110000111011100001011001100000011110101111110000010110010100001
010111100111101100111100110000110110010011111100001011001011100001010101000011001111111011011110100101000000010001100111111110110001011101011010011111110111010111110111110001100000101101101011000110110110110011000101000000000
101111001110001111011011011000101011011110001001101110110000101101110111100001100000100101111110011111101110001000101000000000110100001001111101111110110101110011111001001101011011001010000101100001110101001001110010001010111
100010011100011000110001100101010101001000101000001010111110101110011100001110100101000101111011111010011011011111111010001010011000010111011010100011101110000100011001110101011010000111001010111111101100110111000111010100100
111000111111010110010011111111100001100100001010110110011101001000110110010110111101100110110011101001011010011010111011101100001101101000100100000000110001111000100001001001000111001010101100000010101011011010000111100101101
010111111101101011000111110001101101111001000011110110010110000011110111110111001111010100010001101100000110000110100000001101100000110001111111001011010110100111101011011010111000100100001110100010010110100111001101111110100
110010110100000110111001011110001101010001111100011110100101110001011100100111010000010010100001111000101010000001100011111011000101011101100111000001111111101010101100101000110101000010100001101111111100110110101100110101110
000010010010101101000010110001111010110110001010011010000110110100000111111110101100111010010100000001111000101010101110101011010110110111011000111100110001000110100000101001001100100001110001000010111100001000101011011001101
101110101101111101101110100001100001101100010000001110100011101111111000010101101001010110010001111101010000000111000110100000101110110111000100010011000010000110001011101000001100101111010000110011001001001100010001100110001
011010111011010010100111011110101010000110010011011110100010110011000100010010011101110010110100100101110011010100000111100010100101000100111101101010100010000110000111001011011001111010011110110100010101100001101100010011100
111010010001110101011110100011110011011011101100101100011011000101101001101010010100100110001010100111010001111001111010000011000110100101011101101111111000001111111001110111100011100000001111101101111001010111000100001010100
111100011010011100011110001111110110010111111001000000000000111100110001100101110101011010010100101010111001001110000111011011101011100000011010100100111001110010010011010011101110100001011111100100011011110111001000100100010
100101101110110111101001000100101001101100110110110011011000010001111101001011000100111010000011110101111100110000000000110011011010100100001101111001001000101111011010001111101110111000000110110001101000010001111010000111111
110110010110101110000010100100100101111100001011100001001110010000110101110001001000101011111000001010101001001100000000000010010001110110001010100111001011111011000110110110100001011011110111111111110100101110100010011110011
011110100000011110000010110101110110110011010110111100100101100010001001001100100011100011101001001000111110111010011001011001101110000101111011010111000011010100100111000001110101111000010001100011100100100011010011100100110
110001000111111101110100011110000000100101001001011010001100010000000000101101000010001001010111001001001000100100101001000111100011101110010111111010001101110010111111110100001011111111110000101101000011100100011000111100010
001111110000011001101101000110101111001000101001100010101000011000111110111100101001100101011000110110110001010010110111000110110000100001001100110111001111110001110100001000111101000110110000101111000100110011100111101101011
011000001011011001011111100000100010011111011111000010000111000101100110100101001011000000110110111001100011100111111000010100000101101110111100101100010010111010011101011010011111111110000001111101011111010011110101111111110
100101010001110010001101111010111010111010101001101110100000111010011010010101100110111011010010100010011111000011001100110010101101110010010010001000111010001010101011110010001110111010110100011100110001111000101101010100111
